-0.0820764
-0.164153
-0.231336
-0.283395
-0.322353
-0.350063
-0.367854
-0.376553
-0.376552
-0.367854
-0.350064
-0.322353
-0.283394
-0.231334
-0.16415
-0.0820746
-0.164153
-0.3432
-0.4778
-0.579889
-0.655951
-0.710047
-0.744801
-0.761803
-0.761803
-0.744802
-0.710048
-0.655951
-0.579887
-0.477795
-0.343194
-0.16415
-0.231336
-0.4778
-0.667885
-0.813524
-0.922624
-1.00048
-1.05061
-1.07516
-1.07517
-1.05061
-1.00049
-0.922623
-0.813521
-0.66788
-0.477796
-0.231334
-0.283395
-0.579889
-0.813524
-0.994808
-1.13165
-1.22976
-1.29311
-1.32419
-1.32419
-1.29312
-1.22977
-1.13165
-0.994805
-0.81352
-0.579887
-0.283394
-0.322353
-0.655951
-0.922624
-1.13165
-1.29051
-1.40492
-1.479
-1.51539
-1.51539
-1.479
-1.40492
-1.29051
-1.13165
-0.922622
-0.65595
-0.322352
-0.350063
-0.710047
-1.00048
-1.22976
-1.40492
-1.53153
-1.61369
-1.6541
-1.6541
-1.61369
-1.53152
-1.40492
-1.22976
-1.00048
-0.710046
-0.350063
-0.367854
-0.744801
-1.05061
-1.29311
-1.479
-1.61369
-1.70123
-1.74433
-1.74433
-1.70123
-1.61368
-1.479
-1.29311
-1.05061
-0.744799
-0.367853
-0.376553
-0.761803
-1.07516
-1.32419
-1.51539
-1.6541
-1.74433
-1.78877
-1.78877
-1.74433
-1.6541
-1.51539
-1.32418
-1.07516
-0.7618
-0.376552
-0.376552
-0.761803
-1.07517
-1.32419
-1.51539
-1.6541
-1.74433
-1.78877
-1.78877
-1.74433
-1.6541
-1.51539
-1.32418
-1.07516
-0.7618
-0.376552
-0.367854
-0.744802
-1.05061
-1.29312
-1.479
-1.61369
-1.70123
-1.74433
-1.74433
-1.70123
-1.61368
-1.479
-1.29311
-1.05061
-0.744798
-0.367852
-0.350064
-0.710048
-1.00049
-1.22977
-1.40492
-1.53152
-1.61368
-1.6541
-1.6541
-1.61368
-1.53152
-1.40492
-1.22976
-1.00048
-0.710044
-0.350061
-0.322353
-0.655951
-0.922623
-1.13165
-1.29051
-1.40492
-1.479
-1.51539
-1.51539
-1.479
-1.40492
-1.2905
-1.13164
-0.922619
-0.655947
-0.322352
-0.283394
-0.579887
-0.813521
-0.994805
-1.13165
-1.22976
-1.29311
-1.32418
-1.32418
-1.29311
-1.22976
-1.13164
-0.994803
-0.81352
-0.579886
-0.283394
-0.231334
-0.477795
-0.66788
-0.81352
-0.922622
-1.00048
-1.05061
-1.07516
-1.07516
-1.05061
-1.00048
-0.922619
-0.81352
-0.667881
-0.477797
-0.231336
-0.16415
-0.343194
-0.477796
-0.579887
-0.65595
-0.710046
-0.744799
-0.7618
-0.7618
-0.744798
-0.710044
-0.655947
-0.579886
-0.477797
-0.343198
-0.164152
-0.0820746
-0.16415
-0.231334
-0.283394
-0.322352
-0.350063
-0.367853
-0.376552
-0.376552
-0.367852
-0.350061
-0.322352
-0.283394
-0.231336
-0.164152
-0.0820761
